% create a matrix

m = [1 2 3; 5 99 9; 2 5 6; 99 12 14]
