% One solution is as follows
my_matrix = [11 12 13 14; 21 22 23 24;31 32 33 34];

% but you can also write it like this
my_matrix = [11 12 13 14
             21 22 23 24
             31 32 33 34]
