% For this set the difference should be significant
x1 = [-1.655 -1.441 -0.113 -1.254 1.307 -0.924 -1.141 -0.362 0.641 -0.592]

y1 = [1.854 2.845 2.109 1.194 0.142 2.581 3.053 2.839 0.338 3.7830]

% For this set the difference should not be significant
x1 = [1.120 1.287 0.903 1.290 0.441 1.984 1.750 0.453 0.464 1.010]

y1 = [0.710 0.576  1.574  0.144  1.493  0.538  0.253  1.721 -0.384 -0.809]
